# scale_factor(a)       Density contrast    Growth_factor(D(z))
9.990009990009990001e-04 1.000000000000000082e-05 2.121831212775349661e-03
1.999001999001998996e-03 1.341914820839990834e-05 2.847316751744133432e-03
2.999002999002998993e-03 1.878101220566538458e-05 3.985013790549562368e-03
3.999003999003998555e-03 2.451740205513775766e-05 5.202178893675379369e-03
4.999004999004998985e-03 3.038128724609149531e-05 6.446396356305057578e-03
5.999005999005998548e-03 3.630175118548123979e-05 7.702618874375863865e-03
6.999006999006998977e-03 4.225160424297379777e-05 8.965077267257318822e-03
7.999007999008000275e-03 4.821842210134164340e-05 1.023113530454034491e-02
8.999008999008999837e-03 5.419580303590751754e-05 1.149943464830136160e-02
9.999009999009999400e-03 6.018014217047608534e-05 1.276921040465742174e-02
1.099901099901099896e-02 6.616927986434755372e-05 1.404000433430400811e-02
1.199901199901199852e-02 7.216184559361372758e-05 1.531152563520049234e-02
1.299901299901299809e-02 7.815693528037077138e-05 1.658358247727536108e-02
1.399901399901399765e-02 8.415392246078795037e-05 1.785604193547763938e-02
1.499901499901500068e-02 9.015237202065310720e-05 1.912881168591568440e-02
1.599901599901600024e-02 9.615196886395515046e-05 2.040182487053435884e-02
1.699901699901699981e-02 1.021524773824080253e-04 2.167503149723212785e-02
1.799901799901799937e-02 1.081537207182290132e-04 2.294839403977263007e-02
1.899901899901899893e-02 1.141555633826456641e-04 2.422188374972523289e-02
1.999901999901999849e-02 1.201579003333152882e-04 2.549547833887779238e-02
2.099902099902099806e-02 1.261606418409197124e-04 2.676915876818351456e-02
2.199902199902200109e-02 1.321637243833301224e-04 2.804291155931883800e-02
2.299902299902300065e-02 1.381670919352365439e-04 2.931672482465861457e-02
2.399902399902400021e-02 1.441707022804851457e-04 3.059058960664756341e-02
2.499902499902499978e-02 1.501745179135921830e-04 3.186449794725507156e-02
2.599902599902599934e-02 1.561785084132216869e-04 3.313844339158712737e-02
2.699902699902699890e-02 1.621826461844429223e-04 3.441242008446519091e-02
2.799902799902799846e-02 1.681869096041469869e-04 3.568642343783052368e-02
2.899902899902900150e-02 1.741912794171733992e-04 3.696044936606307507e-02
2.999902999903000106e-02 1.801957391483715698e-04 3.823449437341397417e-02
3.099903099903100062e-02 1.862002743676090624e-04 3.950855539805267491e-02
3.199903199903200018e-02 1.922048730676064832e-04 4.078262989223715301e-02
3.299903299903299975e-02 1.982095233223730383e-04 4.205671532547346908e-02
3.399903399903399931e-02 2.042142131169614766e-04 4.333080914839260167e-02
3.499903499903499887e-02 2.102189320610014850e-04 4.460490915633335413e-02
3.599903599903599843e-02 2.162236744840704086e-04 4.587901414612774453e-02
3.699903699903699800e-02 2.222284326813197153e-04 4.715312248293696690e-02
3.799903799903799756e-02 2.282331988439680330e-04 4.842723250986941813e-02
3.899903899903899712e-02 2.342379661297044099e-04 4.970134277510219328e-02
3.999903999903999668e-02 2.402427298722940537e-04 5.097545228853903737e-02
4.099904099904099625e-02 2.462474844734489367e-04 5.224955986231771821e-02
4.199904199904200275e-02 2.522522243561572518e-04 5.352366431309046879e-02
4.299904299904300231e-02 2.582569442989468729e-04 5.479776453294903094e-02
4.399904399904400187e-02 2.642616396625845749e-04 5.607185953752642088e-02
4.499904499904500144e-02 2.702663054202971435e-04 5.734594826022620939e-02
4.599904599904600100e-02 2.762709364035653746e-04 5.862002960437585203e-02
4.699904699904700056e-02 2.822755279338117558e-04 5.989410257726018177e-02
4.799904799904800012e-02 2.882800760986570232e-04 6.116816634873834674e-02
4.899904899904899969e-02 2.942845766176929549e-04 6.244222001057996713e-02
4.999904999904999925e-02 3.002890252905914231e-04 6.371626267154631429e-02
5.099905099905099881e-02 3.062934179528621691e-04 6.499029344800284769e-02
5.199905199905199837e-02 3.122977506446444331e-04 6.626431149973395496e-02
5.299905299905299794e-02 3.183020192128657440e-04 6.753831594552774098e-02
5.399905399905399750e-02 3.243062196349055944e-04 6.881230593185205802e-02
5.499905499905499706e-02 3.303103479910050443e-04 7.008628062700018868e-02
5.599905599905599662e-02 3.363144003632778959e-04 7.136023919966283380e-02
5.699905699905700313e-02 3.423183727161977332e-04 7.263418079356938339e-02
5.799905799905800269e-02 3.483222609884331525e-04 7.390810454697388510e-02
5.899905899905900225e-02 3.543260610928483049e-04 7.518200959265508576e-02
5.999905999906000181e-02 3.603297689165022998e-04 7.645589505791634821e-02
6.099906099906100138e-02 3.663333803206497469e-04 7.772976006458576226e-02
6.199906199906200094e-02 3.723368911407403227e-04 7.900360372901603367e-02
6.299906299906299356e-02 3.783402972108787510e-04 8.027742516727449928e-02
6.399906399906399312e-02 3.843435946705182752e-04 8.155122356021830832e-02
6.499906499906499269e-02 3.903467795180169415e-04 8.282499805876658572e-02
6.599906599906599225e-02 3.963498476582263215e-04 8.409874779399793832e-02
6.699906699906699181e-02 4.023527949865625549e-04 8.537247189498894939e-02
6.799906799906799137e-02 4.083556173890064036e-04 8.664616948881420644e-02
6.899906899906899094e-02 4.143583107421030349e-04 8.791983970054616238e-02
6.999906999906999050e-02 4.203608709129622923e-04 8.919348165325528821e-02
7.099907099907099006e-02 4.263632937592584248e-04 9.046709446800998977e-02
7.199907199907198962e-02 4.323655749842043308e-04 9.174067723310455613e-02
7.299907299907298919e-02 4.383677097786385863e-04 9.301422892811610221e-02
7.399907399907398875e-02 4.443696936614198218e-04 9.428774860222209619e-02
7.499907499907498831e-02 4.503715221599052950e-04 9.556123530640320274e-02
7.599907599907598788e-02 4.563731907650198723e-04 9.683468808390979787e-02
7.699907699907698744e-02 4.623746949312558660e-04 9.810810597026188573e-02
7.799907799907798700e-02 4.683760300766730885e-04 9.938148799324907079e-02
7.899907899907898656e-02 4.743771915828989610e-04 1.006548331729306689e-01
7.999907999907998613e-02 4.803781747951283506e-04 1.019281405216355962e-01
8.099908099908098569e-02 4.863789748719142981e-04 1.032014090120905031e-01
8.199908199908199913e-02 4.923795868096255595e-04 1.044746375826093171e-01
8.299908299908299869e-02 4.983800057151868777e-04 1.057478251949640485e-01
8.399908399908399825e-02 5.043802266474395508e-04 1.070209708007242300e-01
8.499908499908499782e-02 5.103802446161567058e-04 1.082940733410479306e-01
8.599908599908599738e-02 5.163800545820432979e-04 1.095671317466817979e-01
8.699908699908699694e-02 5.223796514567366532e-04 1.108401449379611825e-01
8.799908799908799650e-02 5.283790301028057097e-04 1.121131118248099023e-01
8.899908899908899607e-02 5.343781958399552133e-04 1.133860335359795357e-01
8.999908999908999563e-02 5.403771182938754344e-04 1.146589036265542177e-01
9.099909099909099519e-02 5.463758082003225157e-04 1.159317243744801967e-01
9.199909199909199475e-02 5.523742598937386988e-04 1.172044945776217623e-01
9.299909299909299432e-02 5.583724677085660087e-04 1.184772130338431206e-01
9.399909399909399388e-02 5.643704259792467958e-04 1.197498785410085753e-01
9.499909499909499344e-02 5.703681290402230850e-04 1.210224898969823465e-01
9.599909599909599300e-02 5.763655712259371181e-04 1.222950458996287099e-01
9.699909699909699257e-02 5.823627468708310285e-04 1.235675453468119134e-01
9.799909799909799213e-02 5.883596500274741172e-04 1.248399869765875470e-01
9.899909899909899169e-02 5.943562732929924975e-04 1.261123692181907174e-01
9.999909999909999125e-02 6.003526105298516782e-04 1.273846907693402253e-01
1.009991009991009908e-01 6.063486558628867215e-04 1.286569503834252004e-01
1.019991019991019904e-01 6.123444034169322559e-04 1.299291468138347172e-01
1.029991029991029899e-01 6.183398473168233433e-04 1.312012788139579611e-01
1.039991039991039895e-01 6.243349816873946124e-04 1.324733451371840065e-01
1.049991049991049891e-01 6.303298006534810167e-04 1.337453445369019833e-01
1.059991059991059886e-01 6.363242983399175099e-04 1.350172757665010492e-01
1.069991069991069882e-01 6.423184688715388290e-04 1.362891375793702786e-01
1.079991079991079878e-01 6.483123063731798192e-04 1.375609287288988014e-01
1.089991089991089873e-01 6.543058049696753257e-04 1.388326479684757475e-01
1.099991099991099869e-01 6.602989587858603023e-04 1.401042940514902468e-01
1.109991109991109864e-01 6.662917619465694857e-04 1.413758657313314016e-01
1.119991119991119860e-01 6.722842085766377214e-04 1.426473617613883138e-01
1.129991129991129994e-01 6.782762928009000714e-04 1.439187808950501690e-01
1.139991139991139990e-01 6.842680087441910556e-04 1.451901218857060138e-01
1.149991149991149986e-01 6.902593505313457363e-04 1.464613834867450337e-01
1.159991159991159981e-01 6.962503122871988503e-04 1.477325644515562753e-01
1.169991169991169977e-01 7.022408881365853513e-04 1.490036635335289239e-01
1.179991179991179973e-01 7.082310722043400845e-04 1.502746794860520818e-01
1.189991189991189968e-01 7.142208557967647279e-04 1.515456104644697100e-01
1.199991199991199964e-01 7.202102255463636946e-04 1.528164536324248812e-01
1.209991209991209959e-01 7.261991743025931556e-04 1.540872074726928609e-01
1.219991219991219955e-01 7.321876952347200831e-04 1.553578705359074108e-01
1.229991229991229951e-01 7.381757815120113409e-04 1.566284413727022373e-01
1.239991239991239946e-01 7.441634263037340095e-04 1.578989185337111301e-01
1.249991249991249942e-01 7.501506227791548444e-04 1.591693005695677676e-01
1.259991259991259938e-01 7.561373641075411428e-04 1.604395860309059951e-01
1.269991269991269933e-01 7.621236434581595519e-04 1.617097734683594634e-01
1.279991279991279929e-01 7.681094540002772605e-04 1.629798614325619621e-01
1.289991289991289924e-01 7.740947889031611325e-04 1.642498484741472531e-01
1.299991299991299920e-01 7.800796413360781400e-04 1.655197331437490149e-01
1.309991309991309916e-01 7.860640044682953636e-04 1.667895139920010927e-01
1.319991319991319911e-01 7.920478714690795587e-04 1.680591895695371096e-01
1.329991329991329907e-01 7.980312355076979143e-04 1.693287584269909107e-01
1.339991339991339903e-01 8.040140897534171858e-04 1.705982191149961746e-01
1.349991349991349898e-01 8.099964273755045621e-04 1.718675701841866910e-01
1.359991359991359894e-01 8.159782415432267986e-04 1.731368101851961938e-01
1.369991369991369889e-01 8.219595254258510843e-04 1.744059376686584173e-01
1.379991379991379885e-01 8.279402721926441746e-04 1.756749511852070955e-01
1.389991389991389881e-01 8.339204750128732585e-04 1.769438492854760181e-01
1.399991399991399876e-01 8.399001213069028689e-04 1.782126293002788686e-01
1.409991409991409872e-01 8.458791974187109463e-04 1.794812883320382746e-01
1.419991419991419868e-01 8.518576954097818689e-04 1.807498246963351596e-01
1.429991429991429863e-01 8.578356073428785060e-04 1.820182367090218412e-01
1.439991439991439859e-01 8.638129252807634018e-04 1.832865226859504426e-01
1.449991449991449854e-01 8.697896412861996426e-04 1.845546809429733093e-01
1.459991459991459850e-01 8.757657474219497726e-04 1.858227097959425922e-01
1.469991469991469846e-01 8.817412357507766613e-04 1.870906075607105812e-01
1.479991479991479841e-01 8.877160983354430695e-04 1.883583725531294550e-01
1.489991489991489837e-01 8.936903272387117583e-04 1.896260030890514481e-01
1.499991499991499833e-01 8.996639145233455972e-04 1.908934974843288501e-01
1.509991509991509828e-01 9.056368522521073472e-04 1.921608540548138955e-01
1.519991519991519824e-01 9.116091324877596607e-04 1.934280711163587352e-01
1.529991529991529819e-01 9.175807472930654074e-04 1.946951469848156313e-01
1.539991539991539815e-01 9.235516887307874566e-04 1.959620799760368737e-01
1.549991549991549811e-01 9.295219488636884608e-04 1.972288684058746411e-01
1.559991559991559806e-01 9.354915197545312896e-04 1.984955105901811956e-01
1.569991569991569802e-01 9.414603934660785954e-04 1.997620048448087160e-01
1.579991579991579798e-01 9.474285620610932478e-04 2.010283494856094921e-01
1.589991589991589793e-01 9.533960176023380077e-04 2.022945428284357305e-01
1.599991599991599789e-01 9.593627518728465968e-04 2.035605831297858659e-01
1.609991609991609784e-01 9.653287492272233372e-04 2.048264670699710410e-01
1.619991619991620058e-01 9.712939974647814790e-04 2.060921920602114266e-01
1.629991629991630053e-01 9.772584875925986216e-04 2.073577561923607149e-01
1.639991639991640049e-01 9.832222106177530146e-04 2.086231575582726816e-01
1.649991649991650045e-01 9.891851575473224745e-04 2.098883942498010191e-01
1.659991659991660040e-01 9.951473193883849256e-04 2.111534643587994753e-01
1.669991669991670036e-01 1.001108687148018726e-03 2.124183659771218258e-01
1.679991679991680031e-01 1.007069251833301367e-03 2.136830971966217629e-01
1.689991689991690027e-01 1.013029004451310991e-03 2.149476561091530069e-01
1.699991699991700023e-01 1.018987936009125520e-03 2.162120408065692778e-01
1.709991709991710018e-01 1.024946037513823098e-03 2.174762493807244068e-01
1.719991719991720014e-01 1.030903299972481431e-03 2.187402799234720030e-01
1.729991729991730010e-01 1.036859714392178444e-03 2.200041305266658420e-01
1.739991739991740005e-01 1.042815271779992496e-03 2.212677992821596995e-01
1.749991749991750001e-01 1.048769963143001294e-03 2.225312842818072956e-01
1.759991759991759996e-01 1.054723779488282763e-03 2.237945836174623226e-01
1.769991769991769992e-01 1.060676711822914828e-03 2.250576953809785008e-01
1.779991779991779988e-01 1.066628751153975629e-03 2.263206176642096334e-01
1.789991789991789983e-01 1.072579888488542875e-03 2.275833485590093852e-01
1.799991799991799979e-01 1.078530114833694924e-03 2.288458861572315595e-01
1.809991809991809975e-01 1.084479420059638721e-03 2.301082283095050862e-01
1.819991819991819970e-01 1.090427786949565124e-03 2.313703713627136005e-01
1.829991829991829966e-01 1.096375204058369504e-03 2.326323128883991398e-01
1.839991839991839961e-01 1.102321661395850921e-03 2.338940507668096358e-01
1.849991849991849957e-01 1.108267148971808433e-03 2.351555828781931035e-01
1.859991859991859953e-01 1.114211656796041099e-03 2.364169071027975300e-01
1.869991869991869948e-01 1.120155174878348196e-03 2.376780213208709025e-01
1.879991879991879944e-01 1.126097693228528566e-03 2.389389234126612083e-01
1.889991889991889940e-01 1.132039201856381485e-03 2.401996112584164345e-01
1.899991899991899935e-01 1.137979690771705795e-03 2.414600827383845683e-01
1.909991909991909931e-01 1.143919149984300989e-03 2.427203357328136246e-01
1.919991919991919926e-01 1.149857569503965693e-03 2.439803681219515075e-01
1.929991929991929922e-01 1.155794939340499400e-03 2.452401777860463150e-01
1.939991939991939918e-01 1.161731249503701168e-03 2.464997626053460344e-01
1.949991949991949913e-01 1.167666490003369840e-03 2.477591204600985697e-01
1.959991959991959909e-01 1.173600650849304693e-03 2.490182492305519635e-01
1.969991969991969905e-01 1.179533722051304785e-03 2.502771467969541752e-01
1.979991979991979900e-01 1.185465693619169175e-03 2.515358110395532476e-01
1.989991989991989896e-01 1.191396555562696923e-03 2.527942398385971123e-01
1.999991999991999891e-01 1.197326297891687305e-03 2.540524310743337844e-01
2.009992009992009887e-01 1.203254910615939163e-03 2.553103826270112786e-01
2.019992019992019883e-01 1.209182381325067711e-03 2.565680918633553298e-01
2.029992029992029878e-01 1.215108692696152508e-03 2.578255551077346386e-01
2.039992039992039874e-01 1.221033833412863518e-03 2.590827699590150246e-01
2.049992049992049870e-01 1.226957792568258944e-03 2.603397341029274337e-01
2.059992059992059865e-01 1.232880559255396550e-03 2.615964452252029226e-01
2.069992069992069861e-01 1.238802122567334756e-03 2.628529010115724929e-01
2.079992079992079856e-01 1.244722471597131327e-03 2.641090991477671457e-01
2.089992089992089852e-01 1.250641595437844249e-03 2.653650373195178824e-01
2.099992099992099848e-01 1.256559483182531937e-03 2.666207132125558155e-01
2.109992109992109843e-01 1.262476123924251943e-03 2.678761245126117796e-01
2.119992119992119839e-01 1.268391506756062900e-03 2.691312689054169427e-01
2.129992129992129835e-01 1.274305620771022359e-03 2.703861440767023061e-01
2.139992139992139830e-01 1.280218455062188520e-03 2.716407477121987601e-01
2.149992149992149826e-01 1.286129998722619584e-03 2.728950774976374172e-01
2.159992159992159821e-01 1.292040240845373535e-03 2.741491311187493340e-01
2.169992169992169817e-01 1.297949170523508139e-03 2.754029062612654011e-01
2.179992179992179813e-01 1.303856776850081814e-03 2.766564006109167306e-01
2.189992189992189808e-01 1.309763048918152544e-03 2.779096118534342685e-01
2.199992199992199804e-01 1.315667975820778096e-03 2.791625376745490716e-01
2.209992209992209800e-01 1.321571546651016888e-03 2.804151757599921413e-01
2.219992219992219795e-01 1.327473750501926685e-03 2.816675237954944788e-01
2.229992229992229791e-01 1.333374572553544307e-03 2.829195786365100163e-01
2.239992239992239786e-01 1.339273996551236480e-03 2.841713368340799128e-01
2.249992249992250060e-01 1.345172010756563123e-03 2.854227958975053547e-01
2.259992259992260055e-01 1.351068603443761080e-03 2.866739533387773209e-01
2.269992269992270051e-01 1.356963762887067847e-03 2.879248066698869013e-01
2.279992279992280046e-01 1.362857477360720918e-03 2.891753534028251860e-01
2.289992289992290042e-01 1.368749735138957788e-03 2.904255910495833204e-01
2.299992299992300038e-01 1.374640524496015519e-03 2.916755171221522835e-01
2.309992309992310033e-01 1.380529833706131606e-03 2.929251291325232764e-01
2.319992319992320029e-01 1.386417651043543543e-03 2.941744245926873336e-01
2.329992329992330025e-01 1.392303964782488608e-03 2.954234010146354894e-01
2.339992339992340020e-01 1.398188763197204081e-03 2.966720559103589450e-01
2.349992349992350016e-01 1.404072034561927454e-03 2.979203867918486792e-01
2.359992359992360011e-01 1.409953767150896008e-03 2.991683911710958377e-01
2.369992369992370007e-01 1.415833949238347236e-03 3.004160665600914548e-01
2.379992379992380003e-01 1.421712569098518416e-03 3.016634104708266761e-01
2.389992389992389998e-01 1.427589615005647045e-03 3.029104204152925917e-01
2.399992399992399994e-01 1.433465075233970182e-03 3.041570939054802358e-01
2.409992409992409990e-01 1.439338938057725540e-03 3.054034284533806987e-01
2.419992419992419985e-01 1.445211191751150396e-03 3.066494215709851257e-01
2.429992429992429981e-01 1.451081824423068557e-03 3.078950707351866267e-01
2.439992439992439976e-01 1.456950817926785805e-03 3.091403720955628875e-01
2.449992449992449972e-01 1.462818156754938951e-03 3.103853223617133450e-01
2.459992459992459968e-01 1.468683828520472422e-03 3.116299189053137186e-01
2.469992469992469963e-01 1.474547820836330427e-03 3.128741590980399501e-01
2.479992479992479959e-01 1.480410121315457609e-03 3.141180403115679254e-01
2.489992489992489955e-01 1.486270717570797959e-03 3.153615599175734752e-01
2.499992499992499950e-01 1.492129597215296338e-03 3.166047152877325965e-01
2.509992509992510223e-01 1.497986747861897172e-03 3.178475037937210645e-01
2.519992519992519941e-01 1.503842157123544019e-03 3.190899228072147098e-01
2.529992529992530215e-01 1.509695812613182390e-03 3.203319696998895294e-01
2.539992539992539933e-01 1.515547701943755626e-03 3.215736418434212429e-01
2.549992549992550206e-01 1.521397812728209238e-03 3.228149366094860140e-01
2.559992559992559924e-01 1.527246132579486351e-03 3.240558513697593401e-01
2.569992569992570197e-01 1.533092649110532474e-03 3.252963834959174405e-01
2.579992579992580470e-01 1.538937349934291600e-03 3.265365303596360347e-01
2.589992589992590188e-01 1.544780222663707505e-03 3.277762893325908977e-01
2.599992599992600462e-01 1.550621254911725483e-03 3.290156577864580822e-01
2.609992609992610180e-01 1.556460434291289307e-03 3.302546330929133633e-01
2.619992619992620453e-01 1.562297748415343839e-03 3.314932126236326826e-01
2.629992629992630171e-01 1.568133184896833071e-03 3.327313937502918706e-01
2.639992639992640444e-01 1.573966731348701645e-03 3.339691738445668134e-01
2.649992649992650162e-01 1.579798375383893554e-03 3.352065502781333417e-01
2.659992659992660435e-01 1.585628104615353874e-03 3.364435204226675080e-01
2.669992669992670153e-01 1.591455906656026381e-03 3.376800816498449764e-01
2.679992679992680427e-01 1.597281769118855934e-03 3.389162313313417441e-01
2.689992689992690145e-01 1.603105679616786310e-03 3.401519668388336415e-01
2.699992699992700418e-01 1.608927625762762584e-03 3.413872855439966103e-01
2.709992709992710136e-01 1.614747595169728316e-03 3.426221848185063701e-01
2.719992719992720409e-01 1.620565575218046398e-03 3.438566619846888939e-01
2.729992729992730127e-01 1.626381545625295690e-03 3.450907127389568618e-01
2.739992739992740400e-01 1.632195489548258832e-03 3.463243335074637219e-01
2.749992749992750118e-01 1.638007393797960738e-03 3.475575214917316358e-01
2.759992759992760392e-01 1.643817245185428058e-03 3.487902738932830426e-01
2.769992769992770110e-01 1.649625030521685706e-03 3.500225879136401042e-01
2.779992779992780383e-01 1.655430736617759897e-03 3.512544607543251485e-01
2.789992789992790101e-01 1.661234350284675762e-03 3.524858896168603373e-01
2.799992799992800374e-01 1.667035858333459301e-03 3.537168717027679432e-01
2.809992809992810092e-01 1.672835247575135860e-03 3.549474042135702390e-01
2.819992819992820365e-01 1.678632504820731439e-03 3.561774843507894972e-01
2.829992829992830083e-01 1.684427616881271385e-03 3.574071093159479351e-01
2.839992839992840357e-01 1.690220570567781697e-03 3.586362763105679363e-01
2.849992849992850075e-01 1.696011352691287506e-03 3.598649825361715515e-01
2.859992859992860348e-01 1.701799950062815028e-03 3.610932251942811644e-01
2.869992869992870066e-01 1.707586349493389610e-03 3.623210014864190476e-01
2.879992879992880339e-01 1.713370537794037035e-03 3.635483086141074183e-01
2.889992889992890057e-01 1.719152501775782649e-03 3.647751437788684936e-01
2.899992899992900330e-01 1.724932228249652670e-03 3.660015041822246018e-01
2.909992909992910048e-01 1.730709704026672010e-03 3.672273870256979600e-01
2.919992919992920322e-01 1.736484915917867102e-03 3.684527895108108408e-01
2.929992929992930040e-01 1.742257850734263078e-03 3.696777088390855170e-01
2.939992939992940313e-01 1.748028495286885935e-03 3.709021422120442057e-01
2.949992949992950031e-01 1.753796836386760588e-03 3.721260868312091241e-01
2.959992959992960304e-01 1.759562860844913904e-03 3.733495398981027114e-01
2.969992969992970022e-01 1.765326555472370362e-03 3.745724986142469626e-01
2.979992979992980295e-01 1.771087907080156395e-03 3.757949601811643725e-01
2.989992989992990013e-01 1.776846902479297134e-03 3.770169218003769918e-01
2.999992999993000287e-01 1.782603528480818794e-03 3.782383806734072595e-01
3.009993009993010005e-01 1.788357771736459210e-03 3.794593339679792621e-01
3.019993019993020278e-01 1.794109614283894696e-03 3.806797778727910586e-01
3.029993029993029996e-01 1.799859040351234948e-03 3.818997090413137063e-01
3.039993039993040269e-01 1.805606036271013284e-03 3.831191245735415807e-01
3.049993049993049987e-01 1.811350588375761506e-03 3.843380215694684465e-01
3.059993059993060260e-01 1.817092682998012283e-03 3.855563971290885683e-01
3.069993069993069978e-01 1.822832306470297849e-03 3.867742483523959329e-01
3.079993079993080252e-01 1.828569445125150872e-03 3.879915723393846383e-01
3.089993089993089970e-01 1.834304085295103588e-03 3.892083661900487268e-01
3.099993099993100243e-01 1.840036213312688665e-03 3.904246270043823519e-01
3.109993109993109961e-01 1.845765815510437904e-03 3.916403518823794450e-01
3.119993119993120234e-01 1.851492878220884625e-03 3.928555379240341594e-01
3.129993129993129952e-01 1.857217387776560411e-03 3.940701822293405376e-01
3.139993139993140225e-01 1.862939330509998364e-03 3.952842818982927331e-01
3.149993149993149943e-01 1.868658692753730286e-03 3.964978340308846216e-01
3.159993159993160217e-01 1.874375460840289062e-03 3.977108357271104677e-01
3.169993169993169935e-01 1.880089621102206711e-03 3.989232840869642582e-01
3.179993179993180208e-01 1.885801159872016334e-03 4.001351762104400911e-01
3.189993189993189926e-01 1.891510063482249298e-03 4.013465091975318977e-01
3.199993199993200199e-01 1.897216318265439140e-03 4.025572801482339980e-01
3.209993209993209917e-01 1.902919910554117444e-03 4.037674861625402123e-01
3.219993219993220190e-01 1.908620826680817312e-03 4.049771243404448606e-01
3.229993229993230464e-01 1.914319052978070762e-03 4.061861917819418188e-01
3.239993239993240182e-01 1.920014575778409812e-03 4.073946855870251293e-01
3.249993249993250455e-01 1.925707381414367781e-03 4.086026028556890011e-01
3.259993259993260173e-01 1.931397456218476253e-03 4.098099406879274209e-01
3.269993269993270446e-01 1.937084786523268331e-03 4.110166961837345423e-01
3.279993279993280164e-01 1.942769358661275599e-03 4.122228664431041856e-01
3.289993289993290437e-01 1.948451158965031592e-03 4.134284485660307817e-01
3.299993299993300155e-01 1.954130012346000627e-03 4.146334054016823090e-01
3.309993309993310429e-01 1.959806247496954056e-03 4.158378066931168737e-01
3.319993319993320147e-01 1.965479665049292123e-03 4.170416101376827056e-01
3.329993329993330420e-01 1.971150251325763225e-03 4.182448128332978965e-01
3.339993339993340138e-01 1.976817992643452749e-03 4.194474118766788884e-01
3.349993349993350411e-01 1.982482875313785250e-03 4.206494043633410840e-01
3.359993359993360129e-01 1.988144885642521842e-03 4.218507873875980141e-01
3.369993369993370402e-01 1.993804009929762370e-03 4.230515580425622257e-01
3.379993379993380120e-01 1.999460234469943240e-03 4.242517134201443940e-01
3.389993389993390394e-01 2.005113545551840456e-03 4.254512506110542103e-01
3.399993399993400112e-01 2.010763929458566149e-03 4.266501667047996604e-01
3.409993409993410385e-01 2.016411372467572048e-03 4.278484587896875246e-01
3.419993419993420103e-01 2.022055860850646009e-03 4.290461239528229331e-01
3.429993429993430376e-01 2.027697380873915052e-03 4.302431592801098659e-01
3.439993439993440094e-01 2.033335918797842326e-03 4.314395618562504864e-01
3.449993449993450367e-01 2.038971460877231443e-03 4.326353287647461965e-01
3.459993459993460085e-01 2.044603993361220843e-03 4.338304570878961375e-01
3.469993469993470359e-01 2.050233502493289863e-03 4.350249439067989665e-01
3.479993479993480077e-01 2.055859974511252235e-03 4.362187863013509137e-01
3.489993489993490350e-01 2.061483395647263021e-03 4.374119813502477250e-01
3.499993499993500068e-01 2.067103752127812544e-03 4.386045261309831633e-01
3.509993509993510341e-01 2.072721030173730293e-03 4.397964177198497859e-01
3.519993519993520059e-01 2.078335216000182749e-03 4.409876531919385556e-01
3.529993529993530332e-01 2.083946295816675558e-03 4.421782296211393404e-01
3.539993539993540050e-01 2.089554255827050060e-03 4.433681440801402474e-01
3.549993549993550324e-01 2.095159082229487626e-03 4.445573936404281779e-01
3.559993559993560042e-01 2.100760761216505755e-03 4.457459753722884388e-01
3.569993569993570315e-01 2.106359278974961544e-03 4.469338863448052979e-01
3.579993579993580033e-01 2.111954621686047348e-03 4.481211236258609842e-01
3.589993589993590306e-01 2.117546775588377041e-03 4.493076842955216477e-01
3.599993599993600024e-01 2.123135728369500083e-03 4.504935657412931227e-01
3.609993609993610297e-01 2.128721466981399815e-03 4.516787651946064241e-01
3.619993619993620015e-01 2.134303977775837882e-03 4.528632797595358306e-01
3.629993629993630289e-01 2.139883247104197757e-03 4.540471065400752404e-01
3.639993639993640007e-01 2.145459261317486915e-03 4.552302426401388380e-01
3.649993649993650280e-01 2.151032006766335960e-03 4.564126851635608162e-01
3.659993659993659998e-01 2.156601469800997328e-03 4.575944312140950987e-01
3.669993669993670271e-01 2.162167636771348753e-03 4.587754778954161727e-01
3.679993679993679989e-01 2.167730494026888933e-03 4.599558223111180899e-01
3.689993689993690262e-01 2.173290027916740565e-03 4.611354615647150768e-01
3.699993699993699980e-01 2.178846224789649042e-03 4.623143927596412572e-01
3.709993709993710254e-01 2.184399070993983324e-03 4.634926129992509858e-01
3.719993719993719972e-01 2.189948552877734635e-03 4.646701193868185142e-01
3.729993729993730245e-01 2.195494656788519062e-03 4.658469090255382694e-01
3.739993739993739963e-01 2.201037369073572791e-03 4.670229790185242980e-01
3.749993749993750236e-01 2.206576676079758173e-03 4.681983264688112656e-01
3.759993759993759954e-01 2.212112564153558090e-03 4.693729484793531803e-01
3.769993769993770227e-01 2.217645019641080288e-03 4.705468421530246692e-01
3.779993779993779945e-01 2.223174028888054345e-03 4.717200045926199792e-01
3.789993789993790219e-01 2.228699578239834271e-03 4.728924329008536986e-01
3.799993799993799937e-01 2.234221654041395472e-03 4.740641241803601469e-01
3.809993809993810210e-01 2.239740242637337352e-03 4.752350755336936516e-01
3.819993819993819928e-01 2.245255330371882883e-03 4.764052840633289931e-01
3.829993829993830201e-01 2.250766903588876863e-03 4.775747468716604605e-01
3.839993839993839919e-01 2.256274948631787659e-03 4.787434610610025176e-01
3.849993849993850192e-01 2.261779451843707635e-03 4.799114237335899147e-01
3.859993859993860466e-01 2.267280399567350550e-03 4.810786319915770215e-01
3.869993869993870184e-01 2.272777778145054165e-03 4.822450829370384384e-01
3.879993879993880457e-01 2.278271573918779803e-03 4.834107736719688297e-01
3.889993889993890175e-01 2.283761773230110620e-03 4.845757012982828127e-01
3.899993899993900448e-01 2.289248362420254201e-03 4.857398629178150684e-01
3.909993909993910166e-01 2.294731327830039531e-03 4.869032556323200644e-01
3.919993919993920439e-01 2.300210655799920460e-03 4.880658765434726654e-01
3.929993929993930157e-01 2.305686332669972232e-03 4.892277227528674666e-01
3.939993939993940431e-01 2.311158345410391050e-03 4.903887914958000027e-01
3.949993949993950149e-01 2.316626685719345036e-03 4.915490810107616126e-01
3.959993959993960422e-01 2.322091341646443426e-03 4.927085887620811233e-01
3.969993969993970140e-01 2.327552300152301110e-03 4.938673119830210845e-01
3.979993979993980413e-01 2.333009548214087445e-03 4.950252479103566805e-01
3.989993989993990131e-01 2.338463072825524951e-03 4.961823937843753973e-01
3.999993999994000404e-01 2.343912860996888448e-03 4.973387468488766894e-01
4.009994009994010122e-01 2.349358899755005919e-03 4.984943043511724792e-01
4.019994019994020396e-01 2.354801176143259817e-03 4.996490635420872128e-01
4.029994029994030114e-01 2.360239677221583586e-03 5.008030216759571385e-01
4.039994039994040387e-01 2.365674390066466008e-03 5.019561760106314718e-01
4.049994049994050105e-01 2.371105301770946427e-03 5.031085238074708421e-01
4.059994059994060378e-01 2.376532399444620386e-03 5.042600623313490127e-01
4.069994069994070096e-01 2.381955670213633993e-03 5.054107888506514934e-01
4.079994079994080369e-01 2.387375101220687388e-03 5.065607006372763177e-01
4.089994089994090087e-01 2.392790679625033876e-03 5.077097949666338206e-01
4.099994099994100361e-01 2.398202392602479926e-03 5.088580691176464166e-01
4.109994109994110079e-01 2.403610227345384740e-03 5.100055203727490438e-01
4.119994119994120352e-01 2.409014171062661552e-03 5.111521460178890530e-01
4.129994129994130070e-01 2.414414210979775027e-03 5.122979433425254303e-01
4.139994139994140343e-01 2.419810334338744727e-03 5.134429096396302405e-01
4.149994149994150061e-01 2.425202528398142515e-03 5.145870422056874061e-01
4.159994159994160334e-01 2.430590780433092984e-03 5.157303383406932618e-01
4.169994169994170052e-01 2.435975077735274327e-03 5.168727953481563331e-01
4.179994179994180326e-01 2.441355407612918332e-03 5.180144105350975581e-01
4.189994189994190044e-01 2.446731757390808223e-03 5.191551812120500653e-01
4.199994199994200317e-01 2.452104114410282986e-03 5.202951046930595069e-01
4.209994209994210035e-01 2.457472466029232173e-03 5.214341782956833926e-01
4.219994219994220308e-01 2.462836799622099802e-03 5.225723993409919776e-01
4.229994229994230026e-01 2.468197102579882188e-03 5.237097651535674858e-01
4.239994239994240299e-01 2.473553362310129677e-03 5.248462730615045535e-01
4.249994249994250017e-01 2.478905566236945350e-03 5.259819203964102297e-01
4.259994259994260291e-01 2.484253701800985450e-03 5.271167044934036428e-01
4.269994269994270009e-01 2.489597756459458952e-03 5.282506226911162228e-01
4.279994279994280282e-01 2.494937717686127997e-03 5.293836723316919235e-01
4.289994289994290000e-01 2.500273574038025786e-03 5.305158509871261696e-01
4.299994299994300273e-01 2.505605317446339339e-03 5.316471569453530277e-01
4.309994309994309991e-01 2.510932936352663382e-03 5.327775877538740712e-01
4.319994319994320264e-01 2.516256418809783863e-03 5.339071408776920880e-01
4.329994329994329982e-01 2.521575752900926792e-03 5.350358137882688103e-01
4.339994339994340256e-01 2.526890926739758670e-03 5.361636039635249151e-01
4.349994349994349974e-01 2.532201928470386495e-03 5.372905088878399127e-01
4.359994359994360247e-01 2.537508746267357757e-03 5.384165260520523688e-01
4.369994369994369965e-01 2.542811368335660006e-03 5.395416529534599048e-01
4.379994379994380238e-01 2.548109782910721287e-03 5.406658870958187535e-01
4.389994389994389956e-01 2.553403978258409705e-03 5.417892259893443141e-01
4.399994399994400229e-01 2.558693942675034291e-03 5.429116671507108194e-01
4.409994409994409947e-01 2.563979664487343706e-03 5.440332081030513356e-01
4.419994419994420221e-01 2.569261132052528401e-03 5.451538463759583175e-01
4.429994429994429939e-01 2.574538333758217157e-03 5.462735795054824983e-01
4.439994439994440212e-01 2.579811258022481416e-03 5.473924050341341108e-01
4.449994449994449930e-01 2.585079893293830075e-03 5.485103205108817770e-01
4.459994459994460203e-01 2.590344228051215999e-03 5.496273234911537298e-01
4.469994469994469921e-01 2.595604250804028641e-03 5.507434115368363692e-01
4.479994479994480194e-01 2.600859950092101417e-03 5.518585822162758170e-01
4.489994489994490467e-01 2.606111314485705203e-03 5.529728331042763623e-01
4.499994499994500186e-01 2.611358332585552670e-03 5.540861617821016827e-01
4.509994509994510459e-01 2.616600993022796980e-03 5.551985658374745114e-01
4.519994519994520177e-01 2.621839284459030490e-03 5.563100428645758599e-01
4.529994529994530450e-01 2.627073195586287786e-03 5.574205904640465725e-01
4.539994539994540168e-01 2.632302715127041778e-03 5.585302062429855496e-01
4.549994549994550441e-01 2.637527831834207605e-03 5.596388878149514134e-01
4.559994559994560159e-01 2.642748534491139167e-03 5.607466327999610645e-01
4.569994569994570432e-01 2.647964811911631723e-03 5.618534388244907918e-01
4.579994579994580151e-01 2.653176652939920159e-03 5.629593035214752739e-01
4.589994589994590424e-01 2.658384046450681156e-03 5.640642245303089108e-01
4.599994599994600142e-01 2.663586981349029721e-03 5.651681994968443812e-01
4.609994609994610415e-01 2.668785446570523523e-03 5.662712260733936409e-01
4.619994619994620133e-01 2.673979431081158122e-03 5.673733019187272575e-01
4.629994629994630406e-01 2.679168923877371742e-03 5.684744246980751869e-01
4.639994639994640124e-01 2.684353915160860721e-03 5.695745923324025961e-01
4.649994649994650397e-01 2.689534396618247728e-03 5.706738030577513943e-01
4.659994659994660116e-01 2.694710357736650966e-03 5.717720546434653661e-01
4.669994669994670389e-01 2.699881787967413870e-03 5.728693448512975905e-01
4.679994679994680107e-01 2.705048676801296258e-03 5.739656714513649005e-01
4.689994689994690380e-01 2.710211013768475206e-03 5.750610322221473281e-01
4.699994699994700098e-01 2.715368788438545043e-03 5.761554249504888814e-01
4.709994709994710371e-01 2.720521990420518219e-03 5.772488474315975449e-01
4.719994719994720089e-01 2.725670609362822270e-03 5.783412974690442798e-01
4.729994729994730362e-01 2.730814634953304589e-03 5.794327728747643569e-01
4.739994739994740081e-01 2.735954056919228522e-03 5.805232714690563567e-01
4.749994749994750354e-01 2.741088865027274234e-03 5.816127910805827250e-01
4.759994759994760072e-01 2.746219049083540014e-03 5.827013295463694398e-01
4.769994769994770345e-01 2.751344598933541837e-03 5.837888847118064550e-01
4.779994779994780063e-01 2.756465504462210763e-03 5.848754544306468128e-01
4.789994789994790336e-01 2.761581755593898145e-03 5.859610365650079755e-01
4.799994799994800054e-01 2.766693342292370419e-03 5.870456289853704934e-01
4.809994809994810328e-01 2.771800254560811711e-03 5.881292295705788931e-01
4.819994819994820046e-01 2.776902482441823833e-03 5.892118362078413440e-01
4.829994829994830319e-01 2.782000016017425852e-03 5.902934467927296591e-01
4.839994839994840037e-01 2.787092845409053221e-03 5.913740592291790721e-01
4.849994849994850310e-01 2.792180960777560384e-03 5.924536714294891260e-01
4.859994859994860028e-01 2.797264352323217303e-03 5.935322813143224518e-01
4.869994869994870301e-01 2.802343010285712060e-03 5.946098868127055459e-01
4.879994879994880019e-01 2.807416924944149562e-03 5.956864858620286585e-01
4.889994889994890293e-01 2.812486086617053266e-03 5.967620764080457940e-01
4.899994899994900011e-01 2.817550485662361284e-03 5.978366564048742671e-01
4.909994909994910284e-01 2.822610112477432452e-03 5.989102238149955904e-01
4.919994919994920002e-01 2.827664957499039389e-03 5.999827766092543646e-01
4.929994929994930275e-01 2.832715011203374572e-03 6.010543127668593888e-01
4.939994939994939993e-01 2.837760264106046430e-03 6.021248302753827719e-01
4.949994949994950266e-01 2.842800706762081513e-03 6.031943271307608212e-01
4.959994959994959984e-01 2.847836329765922325e-03 6.042628013372927098e-01
4.969994969994970258e-01 2.852867123751429927e-03 6.053302509076419202e-01
4.979994979994979976e-01 2.857893079391882196e-03 6.063966738628354669e-01
4.989994989994990249e-01 2.862914097305626921e-03 6.074620491157642910e-01
4.999994999994999967e-01 2.867930366745427301e-03 6.085264168226702797e-01
5.009995009995009685e-01 2.872941772739135650e-03 6.095897525884041990e-01
5.019995019995019403e-01 2.877948306570264798e-03 6.106520545634748220e-01
5.029995029995029121e-01 2.882949959562486428e-03 6.117133209069115507e-01
5.039995039995039949e-01 2.887946723079877400e-03 6.127735497863172620e-01
5.049995049995049667e-01 2.892938588527169553e-03 6.138327393779211549e-01
5.059995059995059385e-01 2.897925547349997771e-03 6.148908878666313749e-01
5.069995069995069104e-01 2.902907591035148917e-03 6.159479934460877493e-01
5.079995079995079932e-01 2.907884711110811198e-03 6.170040543187148563e-01
5.089995089995089650e-01 2.912856899146818758e-03 6.180590686957737612e-01
5.099995099995099368e-01 2.917824146754904955e-03 6.191130347974158621e-01
5.109995109995109086e-01 2.922786445588947818e-03 6.201659508527349596e-01
5.119995119995119914e-01 2.927743787345221151e-03 6.212178150998205473e-01
5.129995129995129632e-01 2.932696163762638260e-03 6.222686257858093262e-01
5.139995139995139350e-01 2.937643566623005659e-03 6.233183811669394947e-01
5.149995149995150179e-01 2.942585987751269398e-03 6.243670795086024849e-01
5.159995159995159897e-01 2.947523419015761828e-03 6.254147190853958094e-01
5.169995169995169615e-01 2.952455852328453572e-03 6.264612981811760184e-01
5.179995179995179333e-01 2.957383279645199418e-03 6.275068150891113250e-01
5.189995189995190161e-01 2.962305692965987690e-03 6.285512681117343403e-01
5.199995199995199879e-01 2.967223084335187441e-03 6.295946555609943651e-01
5.209995209995209597e-01 2.972135445841799992e-03 6.306369757583110136e-01
5.219995219995219315e-01 2.977042769619704394e-03 6.316782270346262829e-01
5.229995229995230144e-01 2.981945047847907228e-03 6.327184077304571774e-01
5.239995239995239862e-01 2.986842272750790239e-03 6.337575161959490000e-01
5.249995249995249580e-01 2.991734436598359696e-03 6.347955507909274209e-01
5.259995259995259298e-01 2.996621531706495766e-03 6.358325098849518797e-01
5.269995269995270126e-01 3.001503550437198409e-03 6.368683918573677660e-01
5.279995279995279844e-01 3.006380485198837174e-03 6.379031950973591547e-01
5.289995289995289562e-01 3.011252328446400138e-03 6.389369180040019858e-01
5.299995299995299280e-01 3.016119072681742834e-03 6.399695589863164669e-01
5.309995309995310109e-01 3.020980710453835451e-03 6.410011164633198089e-01
5.319995319995319827e-01 3.025837234359010034e-03 6.420315888640787394e-01
5.329995329995329545e-01 3.030688637064961246e-03 6.430609746328017629e-01
5.339995339995339263e-01 3.035534912414032237e-03 6.440892724629380117e-01
5.349995349995350091e-01 3.040376053897269910e-03 6.451164809733974659e-01
5.359995359995359809e-01 3.045212054468394471e-03 6.461425986690786383e-01
5.369995369995369527e-01 3.050042907136112959e-03 6.471676240665470425e-01
5.379995379995379245e-01 3.054868604964468357e-03 6.481915556941098000e-01
5.389995389995390074e-01 3.059689141073186104e-03 6.492143920918885813e-01
5.399995399995399792e-01 3.064504508638021471e-03 6.502361318118938804e-01
5.409995409995409510e-01 3.069314700891112579e-03 6.512567734180998436e-01
5.419995419995419228e-01 3.074119711121323876e-03 6.522763154865165447e-01
5.429995429995430056e-01 3.078919532674597847e-03 6.532947566052653698e-01
5.439995439995439774e-01 3.083714158954299362e-03 6.543120953746517365e-01
5.449995449995449492e-01 3.088503583421568256e-03 6.553283304072398119e-01
5.459995459995459210e-01 3.093287799595665841e-03 6.563434603279263424e-01
5.469995469995470039e-01 3.098066801054324016e-03 6.573574837740143728e-01
5.479995479995479757e-01 3.102840581434090483e-03 6.583703993952866318e-01
5.489995489995489475e-01 3.107609134430681756e-03 6.593822058540806941e-01
5.499995499995499193e-01 3.112372453799327945e-03 6.603929018253618111e-01
5.509995509995510021e-01 3.117130533355123596e-03 6.614024859967972958e-01
5.519995519995519739e-01 3.121883366973373340e-03 6.624109570688303528e-01
5.529995529995529457e-01 3.126630948589941873e-03 6.634183137547536857e-01
5.539995539995539175e-01 3.131373272201603934e-03 6.644245547807843266e-01
5.549995549995550004e-01 3.136110331866388649e-03 6.654296788861362444e-01
5.559995559995559722e-01 3.140842121703930814e-03 6.664336848230952848e-01
5.569995569995569440e-01 3.145568635895818269e-03 6.674365713570925562e-01
5.579995579995579158e-01 3.150289868685940582e-03 6.684383372667785927e-01
5.589995589995589986e-01 3.155005814380838162e-03 6.694389813440972947e-01
5.599995599995599704e-01 3.159716467350047464e-03 6.704385023943594257e-01
5.609995609995609422e-01 3.164421822026452710e-03 6.714368992363168864e-01
5.619995619995619140e-01 3.169121872906632831e-03 6.724341707022367665e-01
5.629995629995629969e-01 3.173816614551211446e-03 6.734303156379750632e-01
5.639995639995639687e-01 3.178506041585200774e-03 6.744253329030501787e-01
5.649995649995649405e-01 3.183190148698354649e-03 6.754192213707174153e-01
5.659995659995659123e-01 3.187868930645515030e-03 6.764119799280429168e-01
5.669995669995669951e-01 3.192542382246961116e-03 6.774036074759772763e-01
5.679995679995679669e-01 3.197210498388754554e-03 6.783941029294290326e-01
5.689995689995689387e-01 3.201873274023093324e-03 6.793834652173398325e-01
5.699995699995699106e-01 3.206530704168654346e-03 6.803716932827570396e-01
5.709995709995709934e-01 3.211182783910946064e-03 6.813587860829085630e-01
5.719995719995719652e-01 3.215829508402654087e-03 6.823447425892759099e-01
5.729995729995729370e-01 3.220470872863991172e-03 6.833295617876690153e-01
5.739995739995739088e-01 3.225106872582906258e-03 6.843132426782702060e-01
5.749995749995749916e-01 3.229737501571156889e-03 6.852957839904754156e-01
5.759995759995759634e-01 3.234362753805462235e-03 6.862771844462463022e-01
5.769995769995769352e-01 3.238982624537918402e-03 6.872574430381575006e-01
5.779995779995780181e-01 3.243597109080535810e-03 6.882365587714970312e-01
5.789995789995789899e-01 3.248206202805439986e-03 6.892145306643079339e-01
5.799995799995799617e-01 3.252809901145073661e-03 6.901913577474315664e-01
5.809995809995809335e-01 3.257408199592398863e-03 6.911670390645506812e-01
5.819995819995820163e-01 3.262001093701097712e-03 6.921415736722316137e-01
5.829995829995829881e-01 3.266588579085773648e-03 6.931149606399672480e-01
5.839995839995839599e-01 3.271170651422153960e-03 6.940871990502198718e-01
5.849995849995849317e-01 3.275747306447291448e-03 6.950582879984640305e-01
5.859995859995860146e-01 3.280318539959765651e-03 6.960282265932292711e-01
5.869995869995869864e-01 3.284884347819883206e-03 6.969970139561425526e-01
5.879995879995879582e-01 3.289444725949881680e-03 6.979646492219714338e-01
5.889995889995889300e-01 3.293999670334129496e-03 6.989311315386667056e-01
5.899995899995900128e-01 3.298549177019329329e-03 6.998964600674053571e-01
5.909995909995909846e-01 3.303093242114716298e-03 7.008606339826328746e-01
5.919995919995919564e-01 3.307631861792263532e-03 7.018236524721065406e-01
5.929995929995929282e-01 3.312165032286880362e-03 7.027855147369375111e-01
5.939995939995940111e-01 3.316692749896617883e-03 7.037462199916348915e-01
5.949995949995949829e-01 3.321215010982864549e-03 7.047057674641467040e-01
5.959995959995959547e-01 3.325731811970554334e-03 7.056641563959041852e-01
5.969995969995969265e-01 3.330243149348364063e-03 7.066213860418638637e-01
5.979995979995980093e-01 3.334749019668916369e-03 7.075774556705504148e-01
5.989995989995989811e-01 3.339249419548981357e-03 7.085323645640996260e-01
5.999995999995999529e-01 3.343744345669676966e-03 7.094861120183008074e-01
6.009996009996009247e-01 3.348233794776673232e-03 7.104386973426398688e-01
6.019996019996020076e-01 3.352717763680390910e-03 7.113901198603420628e-01
6.029996029996029794e-01 3.357196249256204443e-03 7.123403789084146176e-01
6.039996039996039512e-01 3.361669248444644053e-03 7.132894738376895916e-01
6.049996049996049230e-01 3.366136758251595668e-03 7.142374040128666168e-01
6.059996059996060058e-01 3.370598775748505187e-03 7.151841688125558649e-01
6.069996069996069776e-01 3.375055298072576673e-03 7.161297676293203462e-01
6.079996079996079494e-01 3.379506322426976180e-03 7.170741998697192088e-01
6.089996089996089212e-01 3.383951846081033419e-03 7.180174649543501486e-01
6.099996099996100041e-01 3.388391866370442981e-03 7.189595623178927086e-01
6.109996109996109759e-01 3.392826380697463833e-03 7.199004914091499119e-01
6.119996119996119477e-01 3.397255386531124449e-03 7.208402516910924485e-01
6.129996129996129195e-01 3.401678881407422736e-03 7.217788426409005309e-01
6.139996139996140023e-01 3.406096862929527264e-03 7.227162637500071929e-01
6.149996149996149741e-01 3.410509328767977622e-03 7.236525145241400336e-01
6.159996159996159459e-01 3.414916275203398743e-03 7.245875941741106718e-01
6.169996169996169177e-01 3.419317697358684530e-03 7.255215016650792270e-01
6.179996179996180006e-01 3.423713592703261140e-03 7.264542364601008773e-01
6.189996189996189724e-01 3.428103958800602768e-03 7.273857980421859493e-01
6.199996199996199442e-01 3.432488793268189883e-03 7.283161859058038257e-01
6.209996209996209160e-01 3.436868093777484950e-03 7.292453995568783931e-01
6.219996219996219988e-01 3.441241858053916379e-03 7.301734385127838234e-01
6.229996229996229706e-01 3.445610083876851203e-03 7.311003023023392444e-01
6.239996239996239424e-01 3.449972769079579903e-03 7.320259904658055206e-01
6.249996249996249142e-01 3.454329911549292118e-03 7.329505025548800345e-01
6.259996259996259971e-01 3.458681509227057131e-03 7.338738381326922466e-01
6.269996269996269689e-01 3.463027560107800017e-03 7.347959967737992537e-01
6.279996279996279407e-01 3.467368062240286028e-03 7.357169780641819035e-01
6.289996289996289125e-01 3.471703013727095010e-03 7.366367816012396874e-01
6.299996299996299953e-01 3.476032412724601450e-03 7.375554069937865220e-01
6.309996309996309671e-01 3.480356257442954095e-03 7.384728538620459748e-01
6.319996319996319389e-01 3.484674546146055568e-03 7.393891218376474894e-01
6.329996329996329107e-01 3.488987277151539383e-03 7.403042105636215009e-01
6.339996339996339936e-01 3.493294448830752165e-03 7.412181196943949946e-01
6.349996349996349654e-01 3.497596059608727194e-03 7.421308488957868432e-01
6.359996359996359372e-01 3.501892107964170529e-03 7.430423978450040323e-01
6.369996369996369090e-01 3.506182592429433684e-03 7.439527662306363309e-01
6.379996379996379918e-01 3.510467511590498017e-03 7.448619537526529610e-01
6.389996389996389636e-01 3.514746864086947409e-03 7.457699601223963803e-01
6.399996399996399354e-01 3.519020648611953950e-03 7.466767850625798397e-01
6.409996409996409072e-01 3.523288863912252353e-03 7.475824283072817211e-01
6.419996419996419901e-01 3.527551508788121740e-03 7.484868896019414297e-01
6.429996429996429619e-01 3.531808582093361789e-03 7.493901687033545089e-01
6.439996439996439337e-01 3.536060082735274519e-03 7.502922653796689767e-01
6.449996449996450165e-01 3.540306009674641739e-03 7.511931794103803295e-01
6.459996459996459883e-01 3.544546361925704665e-03 7.520929105863269903e-01
6.469996469996469601e-01 3.548781138556142238e-03 7.529914587096864231e-01
6.479996479996479319e-01 3.553010338687051170e-03 7.538888235939700255e-01
6.489996489996490148e-01 3.557233961492924697e-03 7.547850050640192432e-01
6.499996499996499866e-01 3.561452006201629595e-03 7.556800029560004628e-01
6.509996509996509584e-01 3.565664472094389262e-03 7.565738171174013482e-01
6.519996519996519302e-01 3.569871358505758135e-03 7.574664474070257336e-01
6.529996529996530130e-01 3.574072664823605642e-03 7.583578936949896265e-01
6.539996539996539848e-01 3.578268390489088881e-03 7.592481558627161009e-01
6.549996549996549566e-01 3.582458534996637873e-03 7.601372338029317444e-01
6.559996559996559284e-01 3.586643097893931278e-03 7.610251274196616622e-01
6.569996569996570113e-01 3.590822078489872178e-03 7.619118365662665981e-01
6.579996579996579831e-01 3.594995475545932628e-03 7.627973609799519883e-01
6.589996589996589549e-01 3.599163288609631261e-03 7.636817005647088541e-01
6.599996599996599267e-01 3.603325517328681300e-03 7.645648552457878777e-01
6.609996609996610095e-01 3.607482161399644047e-03 7.654468249588045614e-01
6.619996619996619813e-01 3.611633220567840846e-03 7.663276096497202428e-01
6.629996629996629531e-01 3.615778694627265911e-03 7.672072092748241090e-01
6.639996639996639249e-01 3.619918583420498725e-03 7.680856238007141013e-01
6.649996649996650078e-01 3.624052886838616434e-03 7.689628532042787068e-01
6.659996659996659796e-01 3.628181604821104946e-03 7.698388974726778633e-01
6.669996669996669514e-01 3.632304737355772188e-03 7.707137566033245291e-01
6.679996679996679232e-01 3.636422284478661813e-03 7.715874306038665864e-01
6.689996689996690060e-01 3.640534246273963419e-03 7.724599194921676348e-01
6.699996699996699778e-01 3.644640622873924519e-03 7.733312232962884503e-01
6.709996709996709496e-01 3.648741414458765969e-03 7.742013420544686664e-01
6.719996719996719214e-01 3.652836621256590893e-03 7.750702758151081229e-01
6.729996729996730043e-01 3.656926243543299690e-03 7.759380246367482137e-01
6.739996739996739761e-01 3.661010281642499385e-03 7.768045885880527912e-01
6.749996749996749479e-01 3.665088735925419068e-03 7.776699677477904027e-01
6.759996759996759197e-01 3.669161606810820118e-03 7.785341622048151944e-01
6.769996769996770025e-01 3.673228894764910338e-03 7.793971720580485929e-01
6.779996779996779743e-01 3.677290600301253744e-03 7.802589974164602094e-01
6.789996789996789461e-01 3.681346723980684701e-03 7.811196383990495207e-01
6.799996799996799179e-01 3.685397266411221187e-03 7.819790951348278840e-01
6.809996809996810008e-01 3.689442228247975016e-03 7.828373677627987748e-01
6.819996819996819726e-01 3.693481610193063806e-03 7.836944564319399120e-01
6.829996829996829444e-01 3.697515412995526409e-03 7.845503613011844957e-01
6.839996839996839162e-01 3.701543637451232271e-03 7.854050825394026658e-01
6.849996849996849990e-01 3.705566284402795566e-03 7.862586203253828510e-01
6.859996859996859708e-01 3.709583354739485854e-03 7.871109748478132273e-01
6.869996869996869426e-01 3.713594849397141781e-03 7.879621463052628449e-01
6.879996879996879144e-01 3.717600769358083476e-03 7.888121349061634202e-01
6.889996889996889973e-01 3.721601115651024076e-03 7.896609408687905729e-01
6.899996899996899691e-01 3.725595889350981262e-03 7.905085644212448415e-01
6.909996909996909409e-01 3.729585091579192251e-03 7.913550058014340305e-01
6.919996919996919127e-01 3.733568723503024028e-03 7.922002652570534487e-01
6.929996929996929955e-01 3.737546786335886606e-03 7.930443430455683673e-01
6.939996939996939673e-01 3.741519281337143260e-03 7.938872394341944805e-01
6.949996949996949391e-01 3.745486209812027255e-03 7.947289546998800303e-01
6.959996959996959109e-01 3.749447573111549040e-03 7.955694891292868220e-01
6.969996969996969938e-01 3.753403372632412981e-03 7.964088430187719059e-01
6.979996979996979656e-01 3.757353609665559958e-03 7.972470166422511717e-01
6.989996989996989374e-01 3.761298284906838731e-03 7.980840101473719583e-01
6.999996999996999092e-01 3.765237399696586863e-03 7.989198238185312162e-01
7.009997009997009920e-01 3.769170955517445621e-03 7.997544579703204093e-01
7.019997019997019638e-01 3.773098953893639761e-03 8.005879129261543881e-01
7.029997029997029356e-01 3.777021396390834850e-03 8.014201890182408583e-01
7.039997039997039074e-01 3.780938284615991546e-03 8.022512865875498500e-01
7.049997049997049903e-01 3.784849620217222051e-03 8.030812059837828532e-01
7.059997059997059621e-01 3.788755404883642659e-03 8.039099475653419535e-01
7.069997069997069339e-01 3.792655640345231078e-03 8.047375116992990796e-01
7.079997079997080167e-01 3.796550328372683743e-03 8.055638987613662483e-01
7.089997089997089885e-01 3.800439470777264468e-03 8.063891091358630359e-01
7.099997099997099603e-01 3.804323069410667831e-03 8.072131432156877118e-01
7.109997109997109321e-01 3.808201126164867823e-03 8.080360014022852644e-01
7.119997119997120150e-01 3.812073642971978201e-03 8.088576841056176470e-01
7.129997129997129868e-01 3.815940621804102435e-03 8.096781917441319143e-01
7.139997139997139586e-01 3.819802064673194063e-03 8.104975247447306907e-01
7.149997149997149304e-01 3.823657973630909240e-03 8.113156835427407509e-01
7.159997159997160132e-01 3.827508350768462318e-03 8.121326685818823776e-01
7.169997169997169850e-01 3.831353198216480571e-03 8.129484803142388305e-01
7.179997179997179568e-01 3.835192518144860639e-03 8.137631192002255931e-01
7.189997189997189286e-01 3.839026312762624116e-03 8.145765857085596195e-01
7.199997199997200115e-01 3.842854584317771834e-03 8.153888803162289145e-01
7.209997209997209833e-01 3.846677335097136840e-03 8.162000035084606697e-01
7.219997219997219551e-01 3.850494567426245192e-03 8.170099557786923983e-01
7.229997229997229269e-01 3.854306283669166767e-03 8.178187376285397381e-01
7.239997239997240097e-01 3.858112486228372148e-03 8.186263495677664759e-01
7.249997249997249815e-01 3.861913177544586042e-03 8.194327921142532389e-01
7.259997259997259533e-01 3.865708360096646330e-03 8.202380657939674080e-01
7.269997269997269251e-01 3.869498036401355749e-03 8.210421711409321421e-01
7.279997279997280080e-01 3.873282209013339215e-03 8.218451086971957364e-01
7.289997289997289798e-01 3.877060880524896801e-03 8.226468790128005359e-01
7.299997299997299516e-01 3.880834053565862356e-03 8.234474826457528485e-01
7.309997309997309234e-01 3.884601730803455624e-03 8.242469201619917474e-01
7.319997319997320062e-01 3.888363914942139996e-03 8.250451921353586515e-01
7.329997329997329780e-01 3.892120608723474619e-03 8.258422991475661279e-01
7.339997339997339498e-01 3.895871814925973026e-03 8.266382417881679157e-01
7.349997349997349216e-01 3.899617536364956977e-03 8.274330206545276178e-01
7.359997359997360045e-01 3.903357775892411612e-03 8.282266363517886143e-01
7.369997369997369763e-01 3.907092536396839302e-03 8.290190894928420873e-01
7.379997379997379481e-01 3.910821820803118271e-03 8.298103806982980446e-01
7.389997389997389199e-01 3.914545626702292669e-03 8.306005094570165781e-01
7.399997399997400027e-01 3.918263968009846714e-03 8.313894787216286053e-01
7.409997409997409745e-01 3.921976841447721157e-03 8.321772877965851745e-01
7.419997419997419463e-01 3.925684250035797219e-03 8.329639373226543908e-01
7.429997429997429181e-01 3.929386196826777089e-03 8.337494279475677894e-01
7.439997439997440010e-01 3.933082684906032134e-03 8.345337603259893600e-01
7.449997449997449728e-01 3.936773717391451981e-03 8.353169351194824621e-01
7.459997459997459446e-01 3.940459297433303136e-03 8.360989529964806266e-01
7.469997469997469164e-01 3.944139428214076329e-03 8.368798146322546927e-01
7.479997479997479992e-01 3.947814112948331254e-03 8.376595207088797235e-01
7.489997489997489710e-01 3.951483354882552590e-03 8.384380719152052519e-01
7.499997499997499428e-01 3.955147157294993006e-03 8.392154689468210860e-01
7.509997509997509146e-01 3.958805523495522241e-03 8.399917125060255563e-01
7.519997519997519975e-01 3.962458456825472715e-03 8.407668033017932085e-01
7.529997529997529693e-01 3.966105960657483401e-03 8.415407420497410529e-01
7.539997539997539411e-01 3.969748038395347171e-03 8.423135294720963673e-01
7.549997549997549129e-01 3.973384693473852071e-03 8.430851662976632799e-01
7.559997559997559957e-01 3.977015929358626058e-03 8.438556532617896844e-01
7.569997569997569675e-01 3.980641749545976542e-03 8.446249911063328231e-01
7.579997579997579393e-01 3.984262157562734261e-03 8.453931805796266463e-01
7.589997589997589111e-01 3.987877156966090214e-03 8.461602224364471736e-01
7.599997599997599940e-01 3.991486751343440408e-03 8.469261174379791868e-01
7.609997609997609658e-01 3.995090944312216716e-03 8.476908663517807030e-01
7.619997619997619376e-01 3.998689739519732493e-03 8.484544699517500010e-01
7.629997629997629094e-01 4.002283140643016039e-03 8.492169290180905383e-01
7.639997639997639922e-01 4.005871151388646668e-03 8.499782443372757568e-01
7.649997649997649640e-01 4.009453775492587309e-03 8.507384167020139998e-01
7.659997659997659358e-01 4.013031016720026642e-03 8.514974469112147615e-01
7.669997669997669076e-01 4.016602878865203896e-03 8.522553357699514942e-01
7.679997679997679905e-01 4.020169365751249252e-03 8.530120840894280798e-01
7.689997689997689623e-01 4.023730481230008635e-03 8.537676926869409710e-01
7.699997699997699341e-01 4.027286229181880652e-03 8.545221623858453297e-01
7.709997709997710169e-01 4.030836613515643985e-03 8.552754940155180563e-01
7.719997719997719887e-01 4.034381638168288257e-03 8.560276884113219298e-01
7.729997729997729605e-01 4.037921307104839694e-03 8.567787464145686371e-01
7.739997739997739323e-01 4.041455624318193718e-03 8.575286688724830242e-01
7.749997749997750152e-01 4.044984593828937144e-03 8.582774566381657921e-01
7.759997759997759870e-01 4.048508219685177309e-03 8.590251105705570822e-01
7.769997769997769588e-01 4.052026505962366860e-03 8.597716315343990612e-01
7.779997779997779306e-01 4.055539456763126820e-03 8.605170204001987289e-01
7.789997789997790134e-01 4.059047076217070504e-03 8.612612780441902816e-01
7.799997799997799852e-01 4.062549368478321141e-03 8.620044053478085333e-01
7.809997809997809570e-01 4.066046337673169184e-03 8.627464031865827998e-01
7.819997819997819288e-01 4.069537987982305149e-03 8.634872724475849415e-01
7.829997829997830117e-01 4.073024323635464523e-03 8.642270140282934943e-01
7.839997839997839835e-01 4.076505348888267467e-03 8.649656288316791564e-01
7.849997849997849553e-01 4.079981068022034939e-03 8.657031177661659305e-01
7.859997859997859271e-01 4.083451485343602208e-03 8.664394817455917108e-01
7.869997869997870099e-01 4.086916605185131508e-03 8.671747216891680932e-01
7.879997879997879817e-01 4.090376431903922951e-03 8.679088385214407397e-01
7.889997889997889535e-01 4.093830969882225439e-03 8.686418331722487451e-01
7.899997899997899253e-01 4.097280223527050187e-03 8.693737065766855565e-01
7.909997909997910082e-01 4.100724197269975564e-03 8.701044596750573401e-01
7.919997919997919800e-01 4.104162895566958874e-03 8.708340934128430133e-01
7.929997929997929518e-01 4.107596322898141201e-03 8.715626087406528333e-01
7.939997939997939236e-01 4.111024483767656591e-03 8.722900066141880959e-01
7.949997949997950064e-01 4.114447382703436892e-03 8.730162879941995024e-01
7.959997959997959782e-01 4.117865024257016601e-03 8.737414538464458591e-01
7.969997969997969500e-01 4.121277413003335104e-03 8.744655051416521108e-01
7.979997979997979218e-01 4.124684553540545855e-03 8.751884428554687068e-01
7.989997989997990047e-01 4.128086450489810814e-03 8.759102679684283022e-01
7.999997999997999765e-01 4.131483108495108761e-03 8.766309814659046795e-01
8.009998009998009483e-01 4.134874532223029725e-03 8.773505843380696723e-01
8.019998019998019201e-01 4.138260726362581569e-03 8.780690775798514203e-01
8.029998029998030029e-01 4.141641695624984423e-03 8.787864621908915153e-01
8.039998039998039747e-01 4.145017444743466853e-03 8.795027391755010360e-01
8.049998049998049465e-01 4.148387978473069837e-03 8.802179095426193589e-01
8.059998059998059183e-01 4.151753301590435999e-03 8.809319743057695273e-01
8.069998069998070012e-01 4.155113418893610112e-03 8.816449344830157298e-01
8.079998079998079730e-01 4.158468335201830068e-03 8.823567910969186689e-01
8.089998089998089448e-01 4.161818055355321309e-03 8.830675451744927074e-01
8.099998099998099166e-01 4.165162584215093000e-03 8.837771977471619023e-01
8.109998109998109994e-01 4.168501926662726391e-03 8.844857498507152638e-01
8.119998119998119712e-01 4.171836087600164049e-03 8.851932025252624570e-01
8.129998129998129430e-01 4.175165071949506028e-03 8.858995568151899480e-01
8.139998139998139148e-01 4.178488884652795630e-03 8.866048137691158182e-01
8.149998149998149977e-01 4.181807530671806036e-03 8.873089744398446888e-01
8.159998159998159695e-01 4.185121014987833003e-03 8.880120398843235341e-01
8.169998169998169413e-01 4.188429342601476292e-03 8.887140111635949413e-01
8.179998179998179131e-01 4.191732518532428030e-03 8.894148893427531455e-01
8.189998189998189959e-01 4.195030547819259339e-03 8.901146754908977332e-01
8.199998199998199677e-01 4.198323435519201764e-03 8.908133706810879016e-01
8.209998209998209395e-01 4.201611186707929560e-03 8.915109759902960507e-01
8.219998219998219113e-01 4.204893806479346324e-03 8.922074924993627087e-01
8.229998229998229942e-01 4.208171299945363819e-03 8.929029212929490145e-01
8.239998239998239660e-01 4.211443672235680794e-03 8.935972634594905317e-01
8.249998249998249378e-01 4.214710928497566143e-03 8.942905200911509533e-01
8.259998259998259096e-01 4.217973073895638601e-03 8.949826922837751386e-01
8.269998269998269924e-01 4.221230113611638621e-03 8.956737811368409297e-01
8.279998279998279642e-01 4.224482052844211535e-03 8.963637877534130771e-01
8.289998289998289360e-01 4.227728896808682912e-03 8.970527132400957226e-01
8.299998299998299078e-01 4.230970650736831304e-03 8.977405587069839932e-01
8.309998309998309907e-01 4.234207319876665335e-03 8.984273252676165944e-01
8.319998319998319625e-01 4.237438909492194719e-03 8.991130140389277381e-01
8.329998329998329343e-01 4.240665424863206481e-03 8.997976261411989585e-01
8.339998339998340171e-01 4.243886871285035972e-03 9.004811626980110395e-01
8.349998349998349889e-01 4.247103254068335283e-03 9.011636248361948320e-01
8.359998359998359607e-01 4.250314578538846866e-03 9.018450136857829591e-01
8.369998369998369325e-01 4.253520850037169343e-03 9.025253303799601889e-01
8.379998379998380154e-01 4.256722073918531128e-03 9.032045760550156954e-01
8.389998389998389872e-01 4.259918255589395693e-03 9.038827518581098452e-01
8.399998399998399590e-01 4.263109400866201514e-03 9.045598590233925318e-01
8.409998409998409308e-01 4.266295515304220111e-03 9.052358987295987536e-01
8.419998419998420136e-01 4.269476604357969399e-03 9.059108721340850545e-01
8.429998429998429854e-01 4.272652673496931883e-03 9.065847803973833274e-01
8.439998439998439572e-01 4.275823728205343024e-03 9.072576246831558500e-01
8.449998449998449290e-01 4.278989773981986544e-03 9.079294061581516528e-01
8.459998459998460119e-01 4.282150816339981049e-03 9.086001259921614448e-01
8.469998469998469837e-01 4.285306860806572735e-03 9.092697853579735368e-01
8.479998479998479555e-01 4.288457912922924616e-03 9.099383854313293218e-01
8.489998489998489273e-01 4.291603978243904022e-03 9.106059273908776452e-01
8.499998499998500101e-01 4.294745062337871830e-03 9.112724124181309504e-01
8.509998509998509819e-01 4.297881170786469092e-03 9.119378416974192048e-01
8.519998519998519537e-01 4.301012309184403665e-03 9.126022164158449357e-01
8.529998529998529255e-01 4.304138483139238573e-03 9.132655377632382665e-01
8.539998539998540084e-01 4.307259698271174303e-03 9.139278069321110642e-01
8.549998549998549802e-01 4.310375960212835429e-03 9.145890251176111985e-01
8.559998559998559520e-01 4.313487274609056378e-03 9.152491935174770221e-01
8.569998569998569238e-01 4.316593647116661984e-03 9.159083133319915193e-01
8.579998579998580066e-01 4.319695083404254121e-03 9.165663857639362311e-01
8.589998589998589784e-01 4.322791589151989654e-03 9.172234120185446260e-01
8.599998599998599502e-01 4.325883170051367070e-03 9.178793933034564700e-01
8.609998609998609220e-01 4.328969831805003568e-03 9.185343308286710862e-01
8.619998619998620049e-01 4.332051580126419082e-03 9.191882258065008360e-01
8.629998629998629767e-01 4.335128420739812506e-03 9.198410794515241573e-01
8.639998639998639485e-01 4.338200359379843114e-03 9.204928929805389348e-01
8.649998649998649203e-01 4.341267401791411122e-03 9.211436676125159817e-01
8.659998659998660031e-01 4.344329553729430436e-03 9.217934045685509670e-01
8.669998669998669749e-01 4.347386820958610079e-03 9.224421050718177861e-01
8.679998679998679467e-01 4.350439209253231278e-03 9.230897703475215987e-01
8.689998689998689185e-01 4.353486724396921081e-03 9.237364016228502006e-01
8.699998699998700014e-01 4.356529372182428583e-03 9.243820001269273945e-01
8.709998709998709732e-01 4.359567158411399405e-03 9.250265670907643623e-01
8.719998719998719450e-01 4.362600088894151920e-03 9.256701037472124804e-01
8.729998729998729168e-01 4.365628169449450001e-03 9.263126113309154697e-01
8.739998739998739996e-01 4.368651405904273172e-03 9.269540910782598786e-01
8.749998749998749714e-01 4.371669804093593695e-03 9.275945442273283437e-01
8.759998759998759432e-01 4.374683369860143251e-03 9.282339720178499620e-01
8.769998769998769150e-01 4.377692109054189158e-03 9.288723756911526630e-01
8.779998779998779979e-01 4.380696027533298453e-03 9.295097564901133591e-01
8.789998789998789697e-01 4.383695131162114976e-03 9.301461156591104285e-01
8.799998799998799415e-01 4.386689425812122581e-03 9.307814544439737547e-01
8.809998809998809133e-01 4.389678917361417021e-03 9.314157740919357664e-01
8.819998819998819961e-01 4.392663611694470893e-03 9.320490758515825869e-01
8.829998829998829679e-01 4.395643514701905522e-03 9.326813609728042964e-01
8.839998839998839397e-01 4.398618632280252433e-03 9.333126307067456384e-01
8.849998849998849115e-01 4.401588970331721772e-03 9.339428863057558372e-01
8.859998859998859944e-01 4.404554534763969846e-03 9.345721290233398593e-01
8.869998869998869662e-01 4.407515331489858003e-03 9.352003601141071210e-01
8.879998879998879380e-01 4.410471366427223643e-03 9.358275808337228607e-01
8.889998889998889098e-01 4.413422645498638226e-03 9.364537924388566248e-01
8.899998899998899926e-01 4.416369174631173088e-03 9.370789961871330842e-01
8.909998909998909644e-01 4.419310959756160041e-03 9.377031933370806316e-01
8.919998919998919362e-01 4.422248006808953726e-03 9.383263851480814211e-01
8.929998929998929080e-01 4.425180321728693078e-03 9.389485728803202980e-01
8.939998939998939909e-01 4.428107910458061944e-03 9.395697577947347279e-01
8.949998949998949627e-01 4.431030778943044479e-03 9.401899411529620609e-01
8.959998959998959345e-01 4.433948933132690097e-03 9.408091242172902380e-01
8.969998969998970173e-01 4.436862378978868870e-03 9.414273082506054990e-01
8.979998979998979891e-01 4.439771122689397179e-03 9.420444945701017536e-01
8.989998989998989609e-01 4.442675171946955034e-03 9.426606848059141397e-01
8.999998999998999327e-01 4.445574533168843157e-03 9.432758803196854558e-01
9.009999009999010156e-01 4.448469212482752781e-03 9.438900824116082111e-01
9.019999019999019874e-01 4.451359216023799761e-03 9.445032923834507654e-01
9.029999029999029592e-01 4.454244549934396197e-03 9.451155115385290184e-01
9.039999039999039310e-01 4.457125220364112524e-03 9.457267411816780989e-01
9.049999049999050138e-01 4.460001233469545676e-03 9.463369826192240541e-01
9.059999059999059856e-01 4.462872595414180306e-03 9.469462371589540961e-01
9.069999069999069574e-01 4.465739312368263020e-03 9.475545061100906219e-01
9.079999079999079292e-01 4.468601390508660995e-03 9.481617907832604608e-01
9.089999089999090121e-01 4.471458836018734478e-03 9.487680924904683399e-01
9.099999099999099839e-01 4.474311655088198877e-03 9.493734125450673522e-01
9.109999109999109557e-01 4.477159853912998123e-03 9.499777522617323111e-01
9.119999119999119275e-01 4.480003438695167629e-03 9.505811129564303297e-01
9.129999129999130103e-01 4.482842415642703318e-03 9.511834959463933981e-01
9.139999139999139821e-01 4.485676790969432386e-03 9.517849025500908500e-01
9.149999149999149539e-01 4.488506570894878860e-03 9.523853340872004969e-01
9.159999159999159257e-01 4.491331761644133495e-03 9.529847918785817606e-01
9.169999169999170086e-01 4.494152369447723672e-03 9.535832772462473628e-01
9.179999179999179804e-01 4.496968400541481552e-03 9.541807915133354578e-01
9.189999189999189522e-01 4.499779861166414846e-03 9.547773360040827662e-01
9.199999199999199240e-01 4.502586757568575841e-03 9.553729120437959299e-01
9.209999209999210068e-01 4.505389095998933897e-03 9.559675209588253120e-01
9.219999219999219786e-01 4.508186882713241875e-03 9.565611640765360191e-01
9.229999229999229504e-01 4.510980123971910366e-03 9.571538427252814785e-01
9.239999239999239222e-01 4.513768826039878460e-03 9.577455582343760154e-01
9.249999249999250051e-01 4.516552995186485370e-03 9.583363119340676528e-01
9.259999259999259769e-01 4.519332637685337731e-03 9.589261051555099113e-01
9.269999269999269487e-01 4.522107759814188166e-03 9.595149392307357195e-01
9.279999279999279205e-01 4.524878367854804316e-03 9.601028154926303237e-01
9.289999289999290033e-01 4.527644468092841337e-03 9.606897352749035335e-01
9.299999299999299751e-01 4.530406066817714399e-03 9.612756999120631862e-01
9.309999309999309469e-01 4.533163170322472048e-03 9.618607107393878364e-01
9.319999319999319187e-01 4.535915784903672178e-03 9.624447690929009980e-01
9.329999329999330016e-01 4.538663916861251056e-03 9.630278763093426120e-01
9.339999339999339734e-01 4.541407572498400158e-03 9.636100337261436222e-01
9.349999349999349452e-01 4.544146758121441268e-03 9.641912426813989967e-01
9.359999359999359170e-01 4.546881480039698109e-03 9.647715045138408607e-01
9.369999369999369998e-01 4.549611744565374045e-03 9.653508205628120731e-01
9.379999379999379716e-01 4.552337558013425448e-03 9.659291921682399140e-01
9.389999389999389434e-01 4.555058926701435924e-03 9.665066206706088847e-01
9.399999399999399152e-01 4.557775856949496628e-03 9.670831074109357273e-01
9.409999409999409981e-01 4.560488355080076148e-03 9.676586537307415581e-01
9.419999419999419699e-01 4.563196427417902552e-03 9.682332609720269989e-01
9.429999429999429417e-01 4.565900080289835017e-03 9.688069304772445323e-01
9.439999439999439135e-01 4.568599320024742394e-03 9.693796635892735214e-01
9.449999449999449963e-01 4.571294152953383517e-03 9.699514616513941201e-01
9.459999459999459681e-01 4.573984585408278833e-03 9.705223260072601832e-01
9.469999469999469399e-01 4.576670623723591569e-03 9.710922580008742866e-01
9.479999479999479117e-01 4.579352274235004572e-03 9.716612589765614150e-01
9.489999489999489946e-01 4.582029543279601477e-03 9.722293302789436487e-01
9.499999499999499664e-01 4.584702437195738341e-03 9.727964732529132963e-01
9.509999509999509382e-01 4.587370962322931747e-03 9.733626892436088029e-01
9.519999519999519100e-01 4.590035125001728708e-03 9.739279795963869946e-01
9.529999529999529928e-01 4.592694931573592168e-03 9.744923456567995412e-01
9.539999539999539646e-01 4.595350388380778708e-03 9.750557887705660898e-01
9.549999549999549364e-01 4.598001501766217115e-03 9.756183102835490617e-01
9.559999559999559082e-01 4.600648278073393022e-03 9.761799115417290063e-01
9.569999569999569911e-01 4.603290723744672165e-03 9.767405939120673564e-01
9.579999579999579629e-01 4.605928845550950022e-03 9.773003588312336731e-01
9.589999589999589347e-01 4.608562649920816892e-03 9.778592076632665053e-01
9.599999599999599065e-01 4.611192143240347603e-03 9.784171417631829515e-01
9.609999609999609893e-01 4.613817331897023845e-03 9.789741624862988711e-01
9.619999619999619611e-01 4.616438222279640492e-03 9.795302711882087898e-01
9.629999629999629329e-01 4.619054820778222339e-03 9.800854692247679134e-01
9.639999639999640157e-01 4.621667133783928690e-03 9.806397579520725882e-01
9.649999649999649876e-01 4.624275167688964884e-03 9.811931387264408722e-01
9.659999659999659594e-01 4.626878928886495566e-03 9.817456129043942159e-01
9.669999669999669312e-01 4.629478423770556211e-03 9.822971818426392554e-01
9.679999679999680140e-01 4.632073658735963786e-03 9.828478468980479388e-01
9.689999689999689858e-01 4.634664640178231751e-03 9.833976094276405400e-01
9.699999699999699576e-01 4.637251374493483319e-03 9.839464707885663408e-01
9.709999709999709294e-01 4.639833868078362990e-03 9.844944323380853124e-01
9.719999719999720122e-01 4.642412127329955014e-03 9.850414954335507955e-01
9.729999729999729841e-01 4.644986158645694058e-03 9.855876614323904050e-01
9.739999739999739559e-01 4.647555968423283668e-03 9.861329316920889321e-01
9.749999749999749277e-01 4.650121563060611272e-03 9.866773075701700257e-01
9.759999759999760105e-01 4.652682948955664047e-03 9.872207904241785403e-01
9.769999769999769823e-01 4.655240132506449115e-03 9.877633816116636600e-01
9.779999779999779541e-01 4.657793120110905079e-03 9.883050824901600251e-01
9.789999789999789259e-01 4.660341918166825692e-03 9.888458944171714116e-01
9.799999799999800087e-01 4.662886533071776592e-03 9.893858187501531898e-01
9.809999809999809806e-01 4.665426971223011164e-03 9.899248568464946718e-01
9.819999819999819524e-01 4.667963239017396820e-03 9.904630100635031242e-01
9.829999829999829242e-01 4.670495342851329126e-03 9.910002797583856715e-01
9.839999839999840070e-01 4.673023289120654608e-03 9.915366672882330867e-01
9.849999849999849788e-01 4.675547084220591822e-03 9.920721740100026942e-01
9.859999859999859506e-01 4.678066734545652423e-03 9.926068012805020491e-01
9.869999869999869224e-01 4.680582246489563975e-03 9.931405504563720621e-01
9.879999879999880052e-01 4.683093626445194481e-03 9.936734228940715674e-01
9.889999889999889771e-01 4.685600880804469126e-03 9.942054199498592260e-01
9.899999899999899489e-01 4.688104015958300883e-03 9.947365429797787595e-01
9.909999909999909207e-01 4.690603038296512449e-03 9.952667933396427413e-01
9.919999919999920035e-01 4.693097954207759055e-03 9.957961723850160540e-01
9.929999929999929753e-01 4.695588770079454737e-03 9.963246814712000132e-01
9.939999939999939471e-01 4.698075492297700342e-03 9.968523219532176016e-01
9.949999949999949189e-01 4.700558127247204607e-03 9.973790951857961495e-01
9.959999959999960017e-01 4.703036681311218228e-03 9.979050025233536791e-01
9.969999969999969736e-01 4.705511160871452339e-03 9.984300453199815850e-01
9.979999979999979454e-01 4.707981572308013452e-03 9.989542249294308673e-01
9.989999989999989172e-01 4.710447921999328866e-03 9.994775427050960337e-01
1.000000000000000000e+00 4.712910216322073811e-03 1.000000000000000000e+00
